t
1.1939449902453037
0.2340621220966709
0.5035893989864768
0.6159308909342828
0.18360532052624434
4.7032417110817795
8.576936701559775
0.30926581549172805
0.9954381645456266
1.6525712830675874
1.778733091740632
0.7294839096733605
3.2606547521484046
0.9364694492380754
1.5195445933118112
1.6182936954912037
2.3824758424517993
0.29249869491061103
1.007912047419523
0.5538333222520113
0.7562942075650194
1.1589514293373075
3.064767423990701
2.2391132553725717
0.698070318329908
0.06769914907869079
2.9539477331669937
2.6394091267358415
1.9021890872240823
1.3086965027202477
7.1958583447785776
1.26757135652806
0.18128290966540933
4.477469693334479
5.2737326849035515
0.07630457677677138
0.8519086538920994
2.0521754160173917
0.32747733514222577
0.7726043500046451
0.4211594306312375
1.8058269691591526
0.18395778232810964
3.5026796016494437
0.28126856972198977
0.4514810324554609
0.06158275204855771
0.0954177344184487
1.2322634809905886
2.0516200480257636
0.7791382626621285
0.48932506527298236
0.001613829954186283
1.350985142355546
1.5306204195120752
1.9858264931194678
6.918557160536522
2.9521165668967138
0.2211232714867586
1.9412420004467643
0.927569656671385
2.0338401844102263
0.7532224478536195
3.477306229706915
3.9130369851334237
0.040815769661126926
0.7908657953237286
2.293362958063509
8.447360661891995
1.8403993796584037
1.2167494578459948
1.4997258426948121
0.13666128199333205
1.0008819784090022
1.4075375724161985
2.8792298874470665
0.5219483065854007
1.3661425558911597
0.03948853895425106
0.8273158502772501
0.21668880226354467
3.6172887576197517
1.9625687852088647
5.694107283870524
2.462791563668135
1.4386560889922808
2.6524899164210503
1.5686310748963865
3.455192160846118
0.37352406135873906
1.69791876873044
1.3954981738807175
0.8400593000501264
1.5268167174302687
0.6494576548822237
0.5668049979698794
0.9481071665764903
0.24744990491240162
6.8722442111786615
2.7915692817433393
2.9993274718878262
0.7878160666700745
0.8468893361435131
1.1620106713223641
3.0872037330405155
0.8680603785793588
3.760612839798565
0.41973968934162204
0.8094632704127203
0.32063485175423195
0.9503196331026946
0.8766779967260038
0.6004235483167032
1.3978623738944886
3.268533966559069
1.6606203584662198
0.3803064862203242
0.783962759521349
1.3651601887515366
1.6697719219299798
3.743490081156871
0.5321867979030342
1.3888757800307356
0.6944609271429056
0.9666542961307178
1.9336943407494718
0.428811014913097
0.6107953632771403
0.5511083839417746
1.3236639883011854
1.5813030506873356
0.26004375886865405
4.152758626705283
1.687919899134798
0.18031233769027988
2.3495736904507463
0.04496969778685241
0.523331639753506
0.46584259847110293
0.41072888299197846
1.354801211420894
0.4559391598516536
1.7776789424014792
3.5251054370252737
0.2286952664628768
1.238293737275862
0.09088251470094132
0.8357732959039172
4.022964708953598
0.7529298128554117
11.341368861318587
2.6543431333841294
3.978254224670507
0.4023253333013067
1.6343658452167418
1.170850268610393
0.6041784511868511
0.869773218344849
1.066644279323487
0.8593263755518785
0.5963591684143207
4.019723635038512
0.12170771331277158
2.0970340835301333
0.11204107497298384
0.4476110914141554
0.31760173845352974
0.6975968202513316
2.348170911146238
2.320222291878464
2.9812069785842867
3.601489933319723
1.3581946444011035
2.2922034212906905
1.2601227373134385
0.7714482782782496
1.5639037554810613
0.5194646847085972
3.954850985829581
0.9816232340375497
0.6223743068538339
4.4179507421170285
1.7055222823815097
0.9120800774646455
4.915660311205225
1.0378911107521256
1.7585448333418925
4.033030661543288
1.0512404245006628
1.9827314353588872
1.5882112218670725
0.7423360361358257
0.14858972899679745
0.11877470818995566
0.0843397977331452
1.521134744728924
3.3316326859789456
1.0509729098274903
1.5175430947586368
2.3869581790197705
1.5521156969111816
0.8803882800138741
0.4977453861857106
1.7285842723232019
3.8197121795972735
1.6491303820430978
1.8307879094385302
0.6708103831300237
0.7172511492334964
1.8890268147215954
0.10470332677257287
0.3189335643447033
1.4499866294384025
0.2993979332282701
1.740805579165628
1.1714677960440454
0.06273978716934635
2.1794211521777624
3.123333661230936
3.0071752720710943
1.2015474943418816
0.17378169491790288
1.4415008960010298
2.1412387405539643
4.600513492167688
0.7474752444605915
4.587591274191512
1.4484563791562166
1.637461470512029
1.393763635258508
2.853290573828063
0.19784704600093309
1.6726202410264472
2.058708684966501
0.3293121010769245
0.3264345857248616
2.8989921234064697
0.05498221382940132
1.3746826016542566
0.11398254092061248
2.2647568375288825
1.3236850412966836
0.06531092790837643
1.4894832701411431
2.2630862691571023
2.677545973780498
1.8253662145858964
1.865432242327013
3.0592109267020082
5.753921654006952
1.1843215234205868
5.297999753803665
0.7006684499527432
3.2946976156260237
1.9583164476079091
6.659983930150589
2.7188847022108167
1.0196305190697073
5.174098600453189
0.5884698704356172
0.18600629916171646
0.8885066986995962
1.8140975551603742
2.8166442374651446
1.2752063108885092
7.938409310782672
0.12835925753962488
0.02585617666612101
1.8748400662632974
0.4330917470922659
3.2426416591156806
0.9229354139355926
0.31934984445496584
2.008218360272907
0.19752998197079163
4.51108919976107
0.8510713852262438
0.04663279117305441
0.7705336335241191
0.30063579080878433
0.6968335068391834
3.1830420411765425
0.24806099425230377
10.339932104522271
6.376410087059891
6.834691348083839
2.053833543371055
2.759641521749337
4.197197688491065
5.904041665869588
1.0423423035439923
0.17034481445449884
0.48330681016392657
2.7567272569672316
1.0265368818633753
0.3021437666756811
1.4839342503944195
2.113440996890988
0.7647123226376642
3.1655253894030744
1.4037182161502186
0.22199702545545505
0.7119201519022782
0.5125041560444078
4.476069228631563
0.35160991802817676
1.9698511946934083
2.7182847201096987
2.2151408233642305
4.884437917177262
0.16306301667231654
3.9241127026896603
0.8486097247353068
2.610186378309446
4.205022330128504
1.0185934134997374
0.15133377556401553
0.4095787956202965
4.034094449816822
12.412154398005356
0.004117762940773673
2.7897162654116725
10.760937704917065
1.1074185256622733
1.7164236593614315
0.2810850008370142
0.970067071395138
4.867263367464071
1.2539092349539547
1.0936616818419433
4.864695133800715
5.790233847745895
6.731081545671989
1.397533732602851
2.818701726537768
6.199080537192838
0.854615747795215
0.31788049755339653
0.36258714167112244
0.5569515355425914
2.375017474128149
2.078181997743297
0.1308873393938995
1.212782179760646
0.40802985448048296
2.7024794161894143
10.876425825522753
1.0830225001821108
0.08087403435442393
0.739947877701481
2.991815673546615
1.6048842836908526
1.8032071144549287
3.953819719214177
1.2361186338104437
0.9460068740238947
0.3673041859581004
0.360284501689612
1.3599544825343544
0.7162990216232893
0.3234276436482934
3.2594399369741267
3.464593576394655
2.8961353583042135
0.5871619056610229
1.2651104134972095
0.935067339336804
0.9870233684787054
0.4873039911689924
0.5719810612779093
5.123688475620578
0.054045891877122755
3.1508019814447614
1.246660610932661
4.7085743531544475
1.137067055958267
0.9008455960091553
4.942328158801254
0.4528543693420271
0.06009038349346839
1.2431636168264615
0.9759956751405746
6.698146788059797
1.7654744670464064
0.33481994323195924
0.5807392310937068
0.6909476165437536
4.895624741972777
0.2641755950709454
1.233638393473961
0.6297702892815078
0.39662187775011026
2.771366287838246
4.542532499996794
0.31213172807145884
0.2030849515301331
2.211314546739231
0.19017343104512321
2.600655160038979
5.464068686913501
0.33182073531470424
1.6725662121393001
0.8452225823344285
1.125679078743816
3.280298974242868
0.20421165888075332
6.53682511333174
3.565692157424239
0.08250233296337654
1.1552546690097152
0.39851833527023545
3.2562625662448887
0.7367094511656322
0.6638611101231289
0.8326893881779726
4.642898062352681
6.340918968220454
1.5800549317413946
0.15228332065152836
1.287312799479165
4.59114154787158
7.55625224090868
1.4203600379263366
0.39790771237869815
1.0366556478255393
2.5788753312112873
1.5532106674127262
1.5791822448467254
0.9449958682918338
0.07363725101073702
0.6830280713398775
1.4860340698447339
1.2277777543703496
7.1830440857219635
1.0209321611220286
2.2318279356861788
1.1613063266221644
0.8688496935816599
6.021585511143567
0.6085605918131588
8.632918171043013
1.029214695661162
0.0016996855559292734
0.5238730572563991
4.887985152168836
3.0148951717204238
3.1006634992546505
3.778683021459402
1.5982975743165924
0.6714883880015102
0.8317357870828777
3.628429492966062
0.46523340525418727
2.198783311826183
0.08134914525721794
0.9091678966518578
4.9932839564719504
6.293662813575014
2.397356110503634
3.2356941235408954
2.122075299589505
0.40925509039206637
2.2361308959783024
1.2236115980254991
2.6148479413909573
11.020761611300882
1.60551355293888
3.803096053290134
1.8659935091799142
6.25696873673004
0.31361640003041913
2.0260671916429334
3.0028371156381843
1.060805181946405
0.3469293718494827
0.8424199701395131
4.454936803811759
2.9027507601136646
2.4541549159993368
1.6754007580630517
0.7710674638833858
8.015108760858345
0.3191231152881824
6.029849366644745
1.6447155318447504
2.7153703245825613
1.5390207534968312
0.638548916515548
3.943872857441972
0.285632604275251
3.8556443316523823
0.15675834452283088
13.937379731134097
3.894456586532101
0.645487946754407
7.766008042860223
4.569182942492471
0.5491015324970958
1.6715885526921064
3.498265801955071
0.09749893926964578
0.5953240953072921
1.0164792490295367
1.4190769288430816
0.49237090293033864
3.4964676046461034
4.002857017714379
0.08091853059732418
0.7342222701506023
1.0884187431684393
1.0507362655734256
1.0893189485423314
1.9880386447931848
1.7267226251160293
1.5616227003889616
2.5278184799589165
2.965997208038556
0.655147523667762
1.0987175605037707
0.49779609229597205
2.0230886434350306
2.3032527130689475
2.062030270393404
0.5227169402477567
1.785430022423695
0.4170622157351426
1.5431485766391275
0.5930979080302837
0.9658918415815723
0.807926595317774
0.9956050660608037
3.0696242550216257
1.61001877446002
1.9075985362907901
3.5082045029691677
2.997976170320091
2.5509562134307138
2.2332544510168124
0.4761610382751665
1.5870509848330223
2.2603597370160955
0.890045288590767
1.9351050146709188
3.435799521732905
0.5717765558388279
0.42293242834397726
0.32846793600868945
1.6896818142950132
2.397917545587953
1.692310343824843
0.25437795709773664
3.0331134415379437
1.1493140717080286
0.8334766156452487
0.3576980696744905
0.8451832795530114
2.0583705077031706
5.545429190927195
1.9433747241130863
2.6900066030738685
2.7893603668806635
0.21966351189022507
1.7098506118116383
0.32930592716763096
0.04814265155863312
0.06585223464565242
0.7020092445996627
2.5022855337710634
1.631494199848498
0.879589700818249
1.8969932128936868
2.737402412523156
0.5367283798753718
1.4209079991770988
2.1064335430080585
1.21213463189895
3.870351785961141
5.865645394250009
0.18502571793383724
1.5900200090098353
0.20517630542587373
0.7917643058438221
0.9090779846345538
0.3840476936325248
2.6915788998644574
2.0765744813558236
1.130566720579937
0.2607645985357536
0.12413121969832334
1.721989912770271
3.930628392281816
2.7088265156418045
1.537868428335797
0.06071410797286731
1.1503959380670978
4.445357761340508
0.5056053309772236
2.369184194429964
0.4060254421064457
0.7701673986800304
0.04432607415546075
1.5855234761029928
4.668560949610951
0.35119236885928395
0.75728320796269
5.660910685781486
0.060744572958880604
1.1612804132845853
1.5474617808110478
1.3861832531275013
2.2299855831043605
0.46489084070441883
0.6326387618341
0.38727005760795147
1.6751655037294422
0.40234148776369055
0.37296305346756137
1.8285842545056576
0.7687790877170134
1.414354202630791
0.7081294354084015
4.580354345972685
1.593198260580714
0.6375850619451935
1.9718429677189189
3.2876376121082544
0.7007718824119323
3.1257502838949565
0.8224537338682616
2.2929695235432006
2.828866783653701
0.15142581800032182
2.626434799962843
2.030361402983991
2.299220369562348
2.910184633620754
0.42737484738858217
1.1055683669968428
1.8409889417697205
0.03020022967579504
0.17846743343746183
2.112424364993443
0.5389266332120808
1.9968954767697205
5.111372116612631
3.2065026234028733
0.24030484423857634
1.864892180215248
1.0830673574804213
0.05166170677613446
7.390502522049099
2.7077278565717053
1.2857634655922494
3.51419693359122
1.3134016672245055
0.2566828115635117
1.0754123388316688
0.9095672888261372
0.37480260564528334
0.2466042411380903
0.7480108322206215
0.3958477924500503
1.693887645807578
0.5508090618064228
0.43045607418260534
2.158570576831906
0.6239279005947369
2.0115225855191534
2.875434864991612
0.566015542788453
0.2864817420173756
1.1634329134448376
1.6389141849337239
2.3772399341086143
2.132011356158744
3.1249617980279014
0.2901400890905732
0.4937104879002594
1.7877037026860367
1.319210460330014
3.7862203048553327
1.283932983065602
2.375317240931322
1.5356441690676272
0.16908374087960212
0.4606947560900231
3.6350695861108284
0.9246358127520697
0.6723345856663212
2.812547025684232
1.013028771267191
0.52526740955445
2.136009594982013
1.9035468804518292
3.0477713660024923
4.631247013015499
0.40166392420929364
1.3895191008031746
0.41376474076974923
3.7829231873880382
0.21472282566406148
0.7213325560645313
1.508484323085412
2.9667035010690896
4.556105927634233
0.6561081805855333
0.971862943829476
2.9293692938315363
1.9415621114431136
4.218344594240928
0.10083572579672324
0.5715170823091784
1.5266831782307813
0.9549599168582434
2.0926794239598148
1.9514277950055796
8.757577332284402
0.44268606127331256
1.5242026198465348
5.349392659786252
1.0310516889460424
0.7863084626303974
2.2029083111300607
4.544047402123053
0.7972816853034536
0.11963875228597587
0.004569014485890919
0.7774623236600414
0.5198848067236368
4.55361027714167
0.4391406300438412
0.17425152465541183
1.3164974888601033
2.4686444000203465
3.2110548914569534
5.092987353554041
2.924380543519771
0.205331095756598
1.0551128080189558
0.802693490288508
2.401838114091964
0.5299566450323626
3.041552779171856
6.125234042139049
1.111474750027732
2.962450934537742
0.3937635080891556
1.890997358320186
1.0230939509113115
2.0828488556338827
2.5192092649098266
1.1193495910083529
0.6849751513624822
0.7307397065120226
0.18341790210214218
0.23428633637000457
3.7761351448040603
3.971112065297214
0.29802833222638225
1.8880999887455767
2.062000110527271
0.05836291114727695
0.3297031941394208
2.106544920492995
0.0025078718566183805
5.16210194953752
0.50314861754021
2.572229877645238
0.7154246700467751
1.638918827926151
0.9027497269471323
1.9927846101400903
1.5961478320378533
1.1903114425144747
0.12431460929815649
0.1626251072544247
0.8159368140927774
0.4129362433558184
1.6141044734524883
0.11782672088423946
2.8309009962217444
0.07756716955168622
0.6769815703548271
4.0215839494728645
1.7991101052800422
3.126647314960332
7.185883732331553
4.868267313989892
1.07545083997402
0.7024366747001998
0.8543566323323771
3.6210649687099075
0.6018971633319082
2.3489932120750745
3.032148000236286
0.8271212575319051
1.4275222925706545
2.2581728499951916
3.3631051419706863
2.384163938916871
0.5688749402781957
0.5027451098284748
2.400430724756763
0.367723116107817
0.2927805292021209
0.26702369430677464
2.719388091740977
1.8204702666100683
1.8943329835327003
1.1668595407959377
1.7280279809540857
3.6877863025871487
1.8918796627239418
4.771207892913066
0.7432245183350864
2.5695043295440736
0.43001703332575253
4.32048954287922
0.8194775477995232
4.13653439914333
0.5571682512922688
3.51287908725579
0.02217452044529389
0.3617444988882411
1.3341506235511766
2.147545454582987
1.057075415590176
3.883713391140223
2.3873449618647986
0.6182498208740183
5.7386764349938995
1.5695357587077063
0.11983821091865539
1.2964808594716537
0.9084310604793777
0.015598599543310845
0.5557583477449911
1.933254756642386
1.7733577153166014
0.8191464917351777
0.3987108339402559
1.1193851864048119
0.291550801360578
4.136875831596273
2.617790539345725
2.0106655320651696
0.2213393970630142
0.9252287623312597
0.9452885581183398
1.4599508194790565
2.5251455600941872
0.9436448372183848
0.262364369715583
0.9036812517301074
0.4797140197568499
1.7797238557275692
4.054502507030566
2.2014185663327677
1.1355177801164325
1.5098690955803553
3.181379604890642
5.219439576517633
4.730560863175472
1.2426122321439699
7.547178317816173
0.2423369649355865
0.24466954232585023
0.15336485032846076
4.416982121485181
0.2082149785088626
1.0429335900021146
0.194562260058874
0.10147981568587021
2.042283352268284
0.5491044866276137
4.333478629400555
2.9466656154417104
1.6056432037391641
6.380452714894679
2.2361706203753853
1.1694249492597577
0.06821710619636887
2.7637136834244287
0.13887848099268968
2.454311415052757
3.3325728550567506
2.903184241097074
3.8449678994078975
3.1716571724717553
0.6453911262894123
2.6253503364672848
0.7298747367459802
1.686370503905604
0.46893958561070664
5.586906040700061
1.00095107080186
7.1168635755224905
2.0917688954460716
2.294720482347935
3.859992382026553
5.938567102909572
3.39615563150363
1.1236352749404306
2.005647451973475
0.6432931761725506
6.317989672266907
5.215735353717138
2.791454594380992
4.365336741123581
3.328917396958388
7.185327509974564
2.912640150793657
3.856266861628445
0.47160889192108624
0.10704995122594291
0.10239887786825472
4.5394338326562504
7.137154151056779
3.7203984979537363
0.8464038786231154
4.717225021643506
2.821280082398245
6.521282688104139
1.3213343669347333
7.348343438823158
0.8829988834316814
0.7120805761421258
0.7533957682725474
2.311650802014279
1.847180698149711
4.730444087206449
0.22577595416772037
0.3089165864607419
1.507174076948412
2.7554507731027655
0.29594211307525314
4.954852482515667
10.282080677094514
0.0434390701211355
1.4222932780355826
0.026369414669417005
3.1657794507338197
3.49621360519655
5.029964965264206
0.9882904376940577
1.7529768143355067
3.6549040621275135
0.9651310145006587
0.41996571791382814
3.235395012021009
1.210158990067736
0.10984079383912287
1.74619053217131
4.97183963320058
0.3345042588599602
1.5860778882846838
2.631032209290966
3.430944948823946
1.062190271085438
0.6396746395022874
0.3915326793548275
2.668370098329158
0.2780583572086149
7.750875396991687
0.1983152620045471
0.7218156518914285
0.03949116432812697
0.8723779243725779
2.9703010680648125
4.734256069587564
1.6171739271388847
3.749911157553715
0.8414431511360975
1.9950029042814228
0.727468929570315
0.2693310912523718
0.5295425944085514
1.0269794664905043
1.3593190145577274
2.4764048317892366
0.06853570278255089
0.2723403345013832
1.007316448793263
1.549570977159981
0.6580600837122731
1.5592803281840246
0.08726788883516037
0.316677235874502
1.4527645889253824
0.8051240603808235
0.810566497921856
0.9715985280817684
2.5248504595515713
1.5463642625534257
3.321917302969715
0.24683131267772845
0.9030063297344932
4.594473050691011
6.671955113994498
3.220972371348293
