t
1.382465682165544
2.773967060147425
3.844199737060217
2.037308566167054
3.3931303212481176
0.5444476584876838
0.8898374132940211
1.98540220681046
3.554477520378823
1.381169496360472
1.1342370018482115
1.2193408651442659
0.02492518429506652
0.8102873469783272
0.47209149005339457
1.3661014057893928
1.114284066392346
4.207153487295251
0.24182673275635072
0.35834310897931654
1.8288155789793705
0.5163805347279091
1.8558255821750465
0.7153004587646324
0.7024772235825928
0.08744117264106606
0.46172447279666606
0.013676425023509808
1.0458330637123017
1.461680415738847
