t
9.801530827350172
9.316396274865976
-0.40914198777889954
1.8876398630362026
6.499078600063733
5.674378127252549
4.763265771494533
0.3348816098157274
5.929324857928965
2.301397924939751
6.084153142181663
0.7153390992049087
4.488426583445085
5.850352466240411
7.578285353981549
0.6570498043035218
4.606908608636081
8.43540807703008
-0.6831495738114186
0.03332303308811485
0.46488818505546536
-2.620843622101956
1.2428205077193881
0.3371455214400373
-2.330566899911924
1.4401786763145807
-1.9936654360827224
3.500616662351354
7.802530369061662
-2.8137479060988717
0.18869250586555653
8.408417522823097
0.233005834291391
-1.1767792535001036
1.0179672518662972
0.9224399534064909
9.947395102677985
2.8963078064996317
7.682179231742424
7.843852217950825
5.337999784210776
-2.7281175909052635
-0.7922801228066065
0.656173509378385
1.2112352882948345
9.810773393655788
1.9949522607226848
3.2283889914202444
0.9765673169614677
1.9251021022779486
0.407390931200377
0.5422446452151175
1.0085769106481202
-1.5764354277370014
7.499349570360506
1.7157280551577123
4.204153182199131
-2.6487251837905283
5.858418577214055
-0.7545807270060667
8.261964891809818
1.885163197354056
4.568470432381694
9.838351299827902
-0.5333590759070002
-0.0040780919064822285
0.3913789107172871
4.278272063615321
6.099269154377016
0.3866123784460038
7.472707723873592
0.8821593658874303
3.1086962349204925
1.1448419818118643
1.301862099279729
0.12423199971847992
4.94775666833887
0.10496925431370442
0.2692429368362974
3.991323018246403
8.81327707587318
8.130340198257219
5.4114641588679255
3.2520034635550887
-2.457964451884621
0.7199568293291273
0.653014684263765
0.24307735564358035
0.1538032519169434
5.689729144345872
3.3084758896592783
0.8923145761266076
3.5057534506160932
5.601538959275246
-0.057606743504238
2.7441576169445625
2.2690147844543587
4.582622802370922
0.619256508711078
-2.54234026387619
2.4812351949784293
4.771087226961509
-0.051927212810968904
1.3761348705997332
-2.9811486730752614
1.7920978869462916
9.704634895483055
4.696577935328643
9.816794033725623
2.1098154462910212
5.265680467658639
-1.659520544253294
4.154372178402114
2.144585633122546
9.790322448188915
1.2008692405239587
1.1877796660124753
1.2658172518533766
0.9983915915800456
0.8477126865660101
1.9182845500246475
-0.22100905550344407
1.9446398614722513
7.532999689215654
6.688303318052817
-0.6100061081741384
5.771246539388375
5.0858634183284845
0.09668461395471051
0.7290490305646111
9.866934399371065
-2.2011952019822876
4.795826043000073
-1.7407865129857578
0.19685999001103494
2.0803194287441764
0.5897729834749468
0.6905492796224227
0.6103665613633391
3.3283500313864263
7.9206418665068625
-1.2676743728159225
0.9193645947217072
1.218345052465546
2.422020659410519
-1.5081487592113776
0.8352053882719721
1.8113433949779065
0.41949627333218664
4.500703274098221
5.489077187602986
9.268028422739265
5.531445316831228
2.322877720105666
3.2889546896388926
-1.852466530085871
6.644105921994257
-1.4462368295994301
0.7246113619458778
0.8519076907253637
1.392379930683581
7.713617542911315
-0.6000254613132845
1.8211058164009186
7.402990583931542
-0.05847704053429002
5.271655822981931
2.1241763506743223
7.4731357741963365
0.5378981583400972
0.05505027471930024
3.0063636460739644
8.149557458598984
0.488371373909263
2.8738989865079336
6.377496857505509
4.554288143979452
5.68432651432583
5.604348759421567
1.1830916367002704
-0.17178889486819937
7.437277426702227
1.564944972921691
-0.6946592168648369
7.606796934275348
5.102543516775675
5.365174142199625
3.4119083691292795
1.4149710895202174
4.835563713994955
5.36754075078251
4.918384238533074
9.435885000071277
-0.27630080784396993
0.8679477897571215
1.8548482688095123
0.8920794427831021
6.292303836591218
7.055377742143835
5.445880164396238
9.796598455296
8.66857706031046
8.388077347884737
1.1727596454234765
5.436304041611242
8.868474895785786
6.213171206810172
0.9929932535674797
8.377605838784076
9.302613975644634
7.701669231973865
0.5324570672730593
0.3866238917347653
8.54860790505758
5.123026945239049
-0.7290878716993405
5.017178587430294
5.693803018520949
5.104760062315169
2.302662047530692
1.1164035276770174
9.353466377422528
6.76405953580031
3.7983874453736073
0.2848737340827034
0.10116006175612491
0.32712188303364237
1.484337961057098
5.740528001676768
1.8281235338064201
-0.16963915893689263
4.3741806111220525
3.1489726283134534
8.12922010168338
7.591213788620864
5.22016302926353
7.480111738650219
3.3431350334471976
5.008155877368451
3.334317192725104
5.833113530889346
-1.0482121404830271
3.56035236490942
7.763581145855808
1.8107444048643464
3.86462909181786
9.087993092952514
2.901498470502628
-0.3836123550216817
0.39313179292068096
8.150610027395869
5.52772647587352
8.412405821297789
2.327453600299738
9.922580568503909
0.1541015522008758
0.3532829818674064
3.0962478472646477
8.07735018122573
3.6847353329904386
6.678385794673435
0.12685996548082776
6.554912528589007
3.6183872008258913
3.641643231385691
7.532884026590985
5.719199729511409
0.04849571808828834
6.6445102348515075
6.988336770483695
1.5880513004984826
8.55822635673259
2.325317690206145
0.16470064032699394
3.36111193576298
6.537381483300857
2.8249995149305214
1.3222851065109436
4.939592803810434
9.157295959068696
4.2289126862776145
1.2095212709318583
0.6107593095977583
1.2515287205525372
1.7982524411126115
5.495477851936666
1.0344594803501863
5.206801089594402
5.384645117032218
-1.6072818179851684
0.6468178111403055
0.919791388570125
3.758161294627257
3.8734252084690057
3.883799637603561
1.033661432528346
-0.6173877319548327
4.710689153871426
1.2395638600425773
0.5418492735934066
4.599741850046404
2.939148133301874
5.932746484544769
9.58076693648447
5.431702445117482
-1.319374448659875
9.854896156959342
0.6722123963300999
2.751519337895029
1.4328443373332274
5.719709951947181
1.4708723470093592
1.8302363158179324
5.4361883345892466
-0.18338660223062453
4.460199384288522
7.784738162288672
1.0276531354441838
-1.0423584835267876
1.1158282476035395
9.378784654572192
2.5530213639715047
0.22087288600693705
0.5406750024862367
3.30522158545282
8.35920299329822
-0.15615512316551525
0.24150084462777066
1.1086524679858067
5.542395236382737
4.335540097972866
1.7143885289151086
-2.2064461095476697
3.765384714939235
8.992086138214615
6.456300681269719
1.79409451996639
0.43050767427253506
1.7163666294534456
7.814912511550004
-0.5701715336174891
1.1608359746867274
8.89685685076929
3.393659211992795
8.543512415127545
5.92751980578894
0.38955998337485553
0.14245357354179394
2.478996462295693
3.7592434179597447
3.4872375624664507
-2.03082008146182
3.1792721207974206
6.705247947498682
7.306704014042159
1.8899231434824142
3.771330543770608
-0.5079766538668049
6.2334338858402205
9.116608951163819
-2.547903911170761
4.845433207377681
5.628647953872576
9.896032063991742
5.016635885013075
1.1880438069314119
2.996664721403928
5.0345981547172425
6.190203076239074
3.793464206257889
9.174841494497421
2.0797096116013165
0.47859134413319837
0.6297919658033049
9.999460129874594
2.056528536341835
5.266574470646537
8.607079043651638
4.837241346186519
6.767573550070868
2.594347062993787
4.326648753956612
8.84940361978433
-0.2790315610276073
5.484960476410567
-2.9613153899153515
5.28156737718785
-2.930402279075873
0.19638932290478373
9.515335878687186
8.508678500104018
-1.0629630239937133
7.140719293385436
-0.8385824502792434
1.201887676973711
4.238048821355543
1.8057879572673317
1.5963794722406528
0.4912499877350883
1.8199270179804072
2.824066609456694
1.1986396240961836
0.5010481793116082
2.3111965209052885
1.0848238986230485
9.34525387677517
-2.2286322278355137
2.2972646285704084
7.835557549490668
3.628272195457515
1.5450206031062004
2.243405275457998
-0.003844415048259678
3.9323042170356803
5.3593320930540305
-0.2466377455536114
9.734252098348804
2.7437627225849908
-2.901966147981925
0.3745258271133966
-0.07772091234180017
8.468458785273256
5.869906784218733
4.981237489975403
-0.12062658053298222
9.957788509224242
8.18538398138002
1.0617093810368334
1.7532595098542216
-0.26553735609050966
8.206813700267782
8.421038226437528
-2.7915145328632276
4.387335527830044
6.170315419026629
7.939630786259329
0.532710182778759
0.3054079918479549
3.256831960810512
0.5619037116732125
1.528605655175356
0.7159607326016268
0.526772646036964
6.00383819681751
0.4334091033984215
9.013383107448545
-1.9883698995258028
2.654161821515026
5.451666405586524
9.898056222943698
8.347767674772859
4.413189587230675
1.9909258525929916
1.2776258454296263
4.566797129074595
0.43451578586747486
0.2519288393407543
6.387589434642599
8.77658600611704
1.232448632403921
9.957191400415143
3.063113349089888
1.215246955235253
-2.42805114492518
-0.5146569282135043
4.111527204219628
0.7806522604078574
1.6498545081666807
-1.4419422847390644
3.0737978862102415
-1.268667738335955
2.8509424611606047
1.0730549762454407
3.1160978779865847
6.187855111430606
6.28545643578401
1.742723574088122
1.7741160686518036
9.975030589011956
8.946966048789557
9.313937865986276
-1.4609165217352729
4.312052997465594
1.1589717834945659
3.5014892023457893
0.6191247953969088
-1.5858289755692367
0.7757210231794933
7.2981510292298015
-0.007953879349535065
1.743258316350441
6.771950943284303
7.443720603403692
0.09195053882868519
-1.8153096754531064
6.836306189640391
3.203786377651828
-2.713789054578218
2.502240320448176
2.9081520387182174
4.616096336280938
1.4101818683462324
1.9339025167682609
1.4256534006958101
5.880150988145644
2.093272354605384
-1.9259065838962526
8.181828203437705
7.997636025843061
5.259050762886165
9.172362764697128
0.3229827688240344
5.075375645715045
8.33409190067998
-0.793933034795737
3.9572774745237007
8.077357401329843
7.684456257857866
1.9097961439443063
8.64089423767578
7.039055856119072
-1.7722655942450785
-2.4344775423555323
6.038236843758488
-0.3152893621308688
3.1513009221737507
-2.1602458316100153
9.136874009066979
0.3418317257596577
5.665378937477454
8.48614616473569
6.560956654222551
2.932089937501101
7.360226886848832
0.4919325493280906
0.6891080215913262
2.9898731812304313
-0.8368007005977707
8.105291288024517
1.9938084990337301
1.586210780177593
0.8613553850303525
3.0802623978123247
2.3997607560084893
4.520182456575669
1.5903876102428862
9.382642733883351
0.7016121358420904
0.49407035655006587
6.633997197998591
4.3549053252733385
1.2389996528901037
9.69470026336246
1.1646502672884753
0.37837651424911994
-0.7225487591026307
6.545377170139513
4.363867792731903
-1.3581385133739672
2.6980571176606256
-1.4421426370492503
0.5931024029994623
0.27793206169872164
2.058958338129546
2.5790916174530203
4.912541051415745
7.760093137257892
-0.23612182493744704
2.42845758317522
7.425289971696907
3.3471578245425304
4.359066918448562
1.01988836096541
-1.3290078234658513
2.246885591500045
2.5578191319445827
3.933999222560268
3.74608787158738
9.65325428874404
0.2540254018327254
8.900718253002186
0.697802307459696
4.775517321400912
5.5172955470535605
0.8069181795905527
9.880888177954157
2.625992253708519
1.3802083226774307
1.4760078348151033
2.3541178983999567
5.233010145112862
0.3803410305724347
5.726241019151729
2.471619953571731
2.7757937038558422
-0.6851911710702705
4.0713020681407714
7.2180251825203054
4.764424237645337
1.5327875237000674
-1.6266970535845189
5.514224625489977
3.981470275878711
-0.1680274505036434
1.7819822638631566
9.855326187176567
9.899221049474496
7.086230814845932
6.016733410076835
8.811784777631253
-0.04675224263191284
8.519607435203676
9.261279002365873
1.218532992788024
7.1187186222564005
8.148399411474653
1.13565258580243
8.38828425439042
0.5040866142158307
-2.7209482338997675
0.45797807382353156
9.338970121217052
0.07415967510147134
6.79785326021242
1.127658629074747
-1.9725603074421152
9.237250235859644
2.817298785853607
-2.568807191592679
-0.9142892355477175
2.1007238041729113
2.0885511380294313
1.6898826096360113
1.6750324757803468
5.877174653896617
1.391030424213916
-0.2890407908965664
5.220884236402087
6.8232910371802085
0.0061881201592143345
-0.9363128709259638
9.821266787497404
-2.8002584308530465
2.956741573445396
-0.03347956928751916
9.606619954612988
7.712178244935979
0.34811855322602325
0.8296802305500783
8.017339413779164
8.67497569261114
-0.689758914313336
-2.502378343733615
2.5020850170684596
3.2665774866628032
0.0666881769984562
8.21106003827451
2.3686600615449347
0.7272581961832287
7.9568910599347475
-0.2375209727288694
8.659094927111653
4.361161830183116
0.8991498032336659
0.6660060595017541
0.6850047132086807
-1.3062716050176966
3.5220307928644052
-1.3183456479623845
2.391981467729094
-0.9034924490000398
9.398864324582094
0.579327675118699
9.985171512084
0.3283732951357552
0.700737357263602
2.5973440344546024
9.79554431672995
5.801873278145409
3.7543025974192483
6.31921172414039
1.5572165837461247
0.42041397378347367
-0.05344117549187746
-2.038953987626418
4.953042866274403
0.30173202872021265
7.974046577706568
6.823177537942145
3.3849563330030445
-0.9876600012872423
6.007166621555221
0.5976745253022936
4.7565113843275055
5.490202587875091
-0.8913841865191694
1.8030696464130198
0.2929691841071542
7.794887570952444
-1.0203789902063711
-0.8069375389454683
0.04030361475405364
0.1962537273208696
-1.6243426016610143
5.177500868638656
-1.2059353215014323
0.14936239173354682
5.856906025473103
3.0367417558663012
9.646424042310569
3.9829221628284284
2.1251442793758715
8.96672896258909
7.762799023794779
9.24896667191818
1.312046445139405
0.1872056808476173
-0.4751748394915256
0.7865387010693086
-1.4788759163244156
9.93354909372618
4.406682703870379
-0.6427600453915323
1.9670193738573216
6.635404429323081
-1.4984098515055244
1.887591325156035
3.4250373508907117
0.26342923361147863
6.716320490870434
5.996772108916511
0.6916750615076329
2.0617094133987734
5.280546970607686
8.423122169968618
6.479651186285585
1.7836146091502283
-1.9324258998448887
0.8794811078031399
0.15207597572189158
-0.7367234627795822
1.2139950556982846
-2.1673150545538515
6.410825252640361
8.491905512209556
0.5948769625790821
4.539570181610644
6.516472230708716
-2.3387803422649225
0.573581174448538
3.636436018486031
-0.6626123383827074
8.101023832145296
2.3027872959572093
2.790813291912502
-0.23117757854355026
1.3485576973745874
0.9549066359020915
3.8880978478786545
0.923707089703395
0.1380526661517177
7.459749681554001
9.728102891111622
6.27224058145536
7.110147965922883
7.113368051203963
5.70497931516865
1.5813456580576428
9.058861589154086
7.700448286899633
0.20404912619598292
5.781821858237963
0.32290856987173866
-0.16193869332039695
0.2901812135187163
3.8073846685352546
-0.5264603389134752
3.515734670129409
2.9698079897818532
-0.03895342645462392
0.4670717616514896
0.5606515966873924
7.838472872264029
3.888546436787205
7.166294235632623
0.5261193995111761
1.0471106773902292
7.2237131266493115
-0.2817739185525907
1.2205249795748647
9.332298667359574
7.211645941262045
2.5168830882739504
3.066438728090251
8.654866478516904
1.6852623155363489
8.210950134438955
8.960231090203257
2.47790218206384
8.542408282216538
3.96991227608447
0.021457020530063264
-1.9393472914101126
7.551870899916788
-0.5095718307745561
4.863705736211666
0.5632513924216673
9.979606349134801
2.3265118346170013
9.789442598605945
7.862262946196548
7.886614035783888
5.344998727682057
6.387748654889975
9.868983516050083
9.638089323974414
-0.29371766299470314
0.36502971122192873
8.594718151922072
0.31660868860561686
5.889021948581375
3.268271750266381
0.18905678696702655
1.4816910507693783
1.1651179367585929
0.39870727172715326
-0.10715257987009386
4.561717155998481
-0.14977091211958488
3.1090998010277797
-1.679863450980276
-0.6976501460066422
1.164709750273481
1.9056792834389737
-1.3007301960033861
1.4887583071712145
0.2577939068520583
0.6604418856034889
-1.2035198498633453
-1.4221693755173308
3.5402337963584363
3.0939891442575016
8.037479393522041
2.720262836405718
8.283592415395164
-0.4754226044761185
0.23188265766479443
6.427780323096611
7.986253764885543
8.58009396110715
-0.5478816392990979
5.835858643994602
5.233661124944714
3.0539586254062696
-0.014104223343743144
-2.1787590338664238
-1.3938984884474102
3.4960067321201866
4.207845223900179
6.909035297131727
-1.0027738687579695
1.7059450574900992
6.4308660376589035
6.131519180032381
2.0459506230310414
3.288137392711244
2.0224594821390536
3.0199014377269218
0.9356583559684116
3.869084633690041
0.3480024387111561
8.554011863492828
4.174177339010995
2.422530656613274
8.037290092183833
0.48991254188274136
4.78690180669078
2.4425386094126247
1.4946603569230807
5.692459151728412
3.700393237137968
-0.18509636450103617
9.341627247470742
-2.71109668447882
9.93287291167595
0.5112423493487954
7.484597561106117
7.864477293669422
3.3219447338689863
3.5276158925081385
0.7417330698656905
1.6086566767800985
6.396740188919397
9.569136380788967
-0.2007576749340485
9.949894492365308
2.168112423494698
0.6113212658969748
-2.2035085111620805
5.144638288005382
-1.9811284843031673
-2.012741922850273
0.5461864047046358
-2.0355421735765917
0.7900265534193109
6.565793565038813
3.6014503471281234
0.13399888562055645
5.912584722263826
1.7625326904931589
-1.8021873315526382
9.700654527281085
0.7207894605676287
2.3821391890988783
6.877182650683183
2.0820192532861306
7.215993495177647
6.071134862075224
-0.6281428871973067
4.005028796608235
-0.5833569972243797
0.8354745910862333
8.676731693491671
-0.06404407412430183
3.0825744844420173
2.714229295734666
8.872457925208806
2.8584938204344077
8.863395322561098
5.045997293952729
-1.403686707379086
-2.693638223034185
5.411162242189228
3.3933917002649325
-0.024132669157977737
7.169844898139605
4.74107515696802
7.721315754721761
-2.521390618146216
0.7343010404023744
2.4492063857375266
5.729697589319878
1.0143447967558281
6.393485455946156
-0.11591153470321469
-0.5645581563833799
9.69585232481214
3.324466417415538
7.381321519567745
-2.7288234087451757
5.280782688390165
8.024252765072768
9.257411562232171
5.667724581805794
6.535280938698362
0.18539538539886968
4.472695353678545
9.175208673961697
-2.5944160060043355
1.8842288910312133
3.9859994058469628
5.626516762233885
4.726564007491813
4.399901476746644
9.918202157070798
-2.1571551378515714
9.207148613421213
4.548603010959259
8.130388964692361
0.39716494869121977
3.555782974748653
1.964079357793171
1.1751710264521114
5.074945217673976
1.28791321695007
7.9294850292070365
8.885970064975826
2.476340284342801
-2.0730227339218357
1.0926077951700204
2.343379007653861
6.641665850255279
2.197401683468632
-2.059570508110363
5.417525265716778
2.491476311969092
1.485079182048631
5.990280671223546
5.3921275044596335
8.542646401312794
0.11567708830010771
7.561946009871198
5.298462235810787
1.488598588002798
3.2794228121494378
1.0411104546727987
5.50322103671011
2.8339689910538772
1.8464384783258714
