t
0.6752454215109175
4.212805318378204
1.5606825808168896
0.2960935194875213
-0.2960675164679232
1.0026073322898952
0.9143042041394476
-0.04908206394678155
-0.04830705108840654
4.877197327992465
-0.34985796686955406
5.914931499941103
3.0350025521972173
0.41811583092908033
1.7909665322004746
0.19133848838234008
0.8207546227800058
1.3784910132402994
1.211867949276673
1.3637282314035502
1.2944224799233726
0.7169489880103177
-0.5659517036693399
1.3884525348635184
-0.7037889191496982
-1.4598483771194357
0.07972780462401413
0.30800716591828114
7.314911822369051
1.400095834801998
-0.491793025686706
0.6250235259347623
1.8391482353637165
5.614478479690156
6.1268115554924885
2.9471837425498544
0.4826109932028563
1.5359880463164926
1.582247531512134
2.0105552289706767
-0.44628349180046195
4.835601757376699
1.2892545134037225
-0.9253820191445835
3.5747104796963405
-0.5200707989228823
3.1752786468407517
0.929232758947603
2.396300686298994
-0.03392780897049105
2.3478976559736795
0.5731222380628891
-0.6988470150347115
-0.9326762004022275
-1.2540596320620716
0.8365990688276063
2.1268693785336197
1.6225628109432448
0.4552402168245902
0.3272994451127571
0.8042873122016794
-0.26466535047353446
2.8658228916380213
0.7997044122592541
2.8517289200518317
1.0629153689256292
1.2515527412329284
0.7725842627832504
0.5175258816430158
-0.5678726815652502
1.8501532318597704
1.178483714463423
1.4743280447146394
0.16686983698272143
2.2297516334351766
1.9203458242573146
1.6810781901106566
1.3607625591593808
1.37825891378758
0.019353766388982452
0.45907728518720514
2.201192654465739
1.5103277208527603
3.2957004757625925
1.1531701101059446
0.2968641642075012
6.557500853820071
1.6870383818971515
0.7115531162835743
-0.5123284052507687
-0.7130668209436971
4.997327100335815
0.46409985358284855
0.08357681606310877
1.0468357446668
6.488263820363157
0.047762309181723334
0.8404405338262175
0.09197215336844666
0.5221399345105961
0.4667562074087984
-0.2781197484390118
1.2140342883010071
1.2716450028023678
1.0223325579554496
1.5464755370770855
0.202908123780575
2.814897133438414
1.5785533161787721
0.9907237174142534
1.7712544615194976
0.6874973993092988
0.8908820723308634
2.0462117404795626
2.6415956567488545
1.6641019788413542
2.9495152275872383
1.0402465170191122
1.5051629205968013
0.31594501965115224
2.2570140559787215
-0.3126043333519042
2.467192729809362
2.8238410228682955
0.6838517042504678
1.4457935798928443
4.525660926136236
2.4569045881810525
0.38104411888490963
1.6465751009590142
0.5201366067156
1.9787561091838555
2.5242241505213503
2.155006547971798
0.58320197598839
1.3770224045336132
-0.7101754126285553
4.325654610865923
-0.4920685312113763
1.0616237257432641
0.6656438645525478
3.4935342852001976
1.3187442849282038
1.4858356093936667
2.3373635164605036
1.0971224031991031
0.6559262126875565
-0.1603589658567884
5.9136777993180685
-1.2128608708722346
3.371005509146684
2.9612223467303598
1.9827213689804122
1.1992451806174307
0.6688957563921334
-0.8286352286604124
0.7066131326624588
0.5447012154844497
1.0201626668366592
1.7502272342084835
1.203111109583763
1.3863654895695605
3.1053741292412695
0.043683908924241066
-0.10307111994208629
0.9597578595542006
2.687165566060906
0.918675122991855
0.3880705434585621
0.9641819025210276
2.3220600628183363
2.671432993036408
0.5173510385747309
3.7515423390703155
1.0697006392459145
0.07098967305029258
1.902893675223769
6.755200894070752
-0.36935353093820605
-0.18505810952882118
-0.5648169889663169
0.6699387655770797
3.776368831188639
0.6694672468122316
-0.5749845908050382
2.848467848212956
1.9317395426225854
1.2148719792979774
2.119446403094625
2.1106296503242095
0.456543779835891
1.6982059955634687
0.9559618642409304
1.229683928309332
0.624938905805002
2.1741261122407876
3.8564736500017234
1.2661298277708988
3.98232389932412
3.1349688264635653
3.032345164910156
1.5025465723697247
1.5730872498852264
1.4936002455647601
-0.8186637111740976
1.1626507030167823
1.0571580460323304
3.752130979958504
4.825538268854153
1.8040805974659277
2.004965140174223
-1.2385986273404652
1.658628994777347
3.4769467115464923
0.5908301728369824
2.224149946136005
2.036114586477581
4.481722155901873
1.7687738977742684
-0.13074876212127395
0.281845068840021
2.2704035481384386
-1.2443778927941866
5.972253920542499
0.37715191647101
2.9396644860456265
3.435444570496131
0.10000718299432657
2.2554247175854902
1.2733173043795312
0.3079505391298344
2.0582047098174345
2.918941175012066
0.28739426519467165
1.1463485952721528
0.8623638889517287
0.6212957187623529
0.8536209629033
1.182853435123225
2.4138253421260454
2.145543799745034
1.6365009425312171
0.09768236515672095
0.27864555361306376
1.9231573843266294
-0.5882059258908379
1.0501211666990977
3.144329791093168
2.6078357730500743
0.7108837858695282
0.8236749876355465
2.199325855568291
0.7742387529412263
0.8923943815377371
-0.6340678196662908
0.21297211301195473
4.124445326241049
0.6126296418713306
-0.8685955352282708
3.227490909586713
3.1877139744591503
0.5972236789842692
0.9985350521014416
1.4304896776718803
0.4378605602029627
0.5617984089798802
-0.14782490322078096
2.8910484800914635
1.8268077659615864
1.9407186474422617
0.6635650453846371
0.715139749707867
2.3480275420188392
1.1778017243007322
1.4382127150828277
1.0530812491873613
1.2475774432920272
6.102718584463988
1.1841195798093584
2.9628518606309364
0.5275053142835908
1.2211673109119998
0.012011015572226835
-1.2972560576066017
1.4640645169682385
1.2433924559994889
0.9877228526133021
5.389153895727557
1.5960915093422627
0.7672299517399128
0.762822448654163
1.615012107939383
2.6307231675118103
-0.10802056186998055
2.809255252636589
-0.08903934095062227
1.6331214278759896
0.08387806419235908
5.0178532774869
0.03530431935801498
0.5345016043769079
0.9574013034318907
-0.49270424839964966
-0.17585063444065052
0.09142505906885401
0.4659205840229568
2.4877240921676633
4.562930942059004
0.2466854323304133
5.493536748648003
1.327545266649662
0.8453296877341377
2.645663274434093
2.6478991463085464
0.6199203759285055
2.4273651230014113
0.6597654919164295
0.974607630194019
2.4815056475330564
-0.9101923439635673
-0.47406423776294077
1.3026412693103642
2.4695007828679074
0.3481331931354466
2.5268224360603657
2.979283461296202
-0.25440097949924995
-0.3597435284130006
0.7764413617794967
1.0850043534640317
1.624981203757096
2.467831681654938
9.476396431279241
4.027375698551407
1.8565933809463475
0.441294831922063
2.7645956940170464
0.8794295061784092
0.8718525652459161
1.1196539276604207
1.7084330025342715
0.8294767659934017
0.8418312338401794
1.0416695924849637
2.2050350699155863
0.7204633034720012
0.7742034627368051
-0.1595961352525813
0.7801502206035369
3.318917767546896
0.715152909263703
0.8996471875491641
4.9553473874701695
-0.3290924084750322
-0.08434583154957942
1.6283156519938535
3.2974804396194095
1.390033072531181
-0.5600959947279966
-0.7913520282255715
2.862833627833298
0.814535350432483
0.18323802663705213
0.5252243792208804
0.30374102850278295
3.4861776190671763
0.4917175180513652
3.6408726375910403
0.5101933369179977
2.7130214197228373
1.4798364730564941
1.9751899087548022
1.1223866750294924
1.3782381539479551
0.8482103561684395
2.185546963889939
0.5351788978867847
-0.022108399584835903
3.0514160925373015
3.556789005381695
1.9309101150464008
-0.24525377240980945
1.2714921537733626
0.2899591729726977
2.8803340139772935
-0.8510285519742135
0.7027448981955007
1.6706289236589311
0.17960946397065458
2.5512208378590913
2.2048180060864913
3.8543207266174058
0.22736680262461673
2.595224761261527
0.668262455850954
0.4191648076878105
2.944854487251847
2.362466735563015
3.176041073810383
2.4067730699806487
-0.5307426913246213
-0.49080085641616655
1.7263933524587531
-0.9002493065156967
-0.08223564627505775
-0.585059176823375
1.5170814921065217
7.620389992847052
1.4977761591281693
-0.33314411673607003
3.654945196334535
1.5428206042448362
-0.46905317110803935
0.42567986152726234
0.7153773794361963
1.0583026588779834
-0.8546291207461867
1.351421546743466
1.4653769799045633
0.4889395368334675
4.25819690266755
4.553538577919127
-0.19416618168587185
2.5161898901515904
4.8518687356445
3.131603435458301
2.88579839760884
4.636562261738843
0.29332695048506935
1.0354277025197973
2.4801485014829887
0.4780560538063918
-0.39068847897919445
0.13433261173543054
1.82190825160865
1.0204563399064976
1.7678144356196133
0.2595060307248676
2.5407626543484607
1.1818448406514528
1.5200945258491263
0.06652485855190826
0.785257323807373
0.3313903241948962
0.0376971302294824
-0.12382952822199611
2.9862364585777863
6.1450269001436
1.3133153117313339
2.021049856501703
-0.21011739823394343
1.024039107180554
0.8309722337141912
2.888934931859121
4.771089173023102
2.27582368849071
2.5826894973012813
0.016126396580934912
2.2049347101194927
0.11649214668734009
-0.05653270773043774
0.5977278008014669
1.956293485752173
1.6784176482902184
1.0920263940582613
-0.24595393361299822
0.30909184006889645
1.4016503957849296
1.3782041651138122
1.044125048029005
0.9924440662804033
3.016392724186848
0.5998297811514175
4.672216464497933
0.5311085958312556
0.8107509511839666
1.5095634627921435
2.2483630738383265
1.588560378475045
2.3376345759116512
-0.17584997630769156
0.8577210316283481
0.8349739502473177
1.7380285155233461
-0.27015845242097714
1.3081115709852018
0.04200039107352807
-0.33356064677693203
0.630561905585743
1.62241853899433
3.3896676115813653
-0.8921726916809067
0.5996300003378959
0.7903344493797627
1.7000318283160416
1.0831733857080885
1.1892377052092433
1.620358338047136
0.172460754158261
0.746786646193507
-0.05734944542066711
2.9100244767952455
0.5250491409253408
2.8266277229091754
-0.03935251004147333
2.1033917872232397
1.6705771135348968
1.784242906695139
0.8008379057785827
1.0003740514670962
1.8954611273974866
-0.8480689387742979
1.1604482527345976
1.0667839099596663
1.2908115917835492
-0.24768701639688007
1.5563380712677577
1.0740115714782579
-0.2630352818529318
1.4674149993600731
1.1615983576538418
1.8252436138586094
3.2917758294621233
-0.5513379527546027
0.33747280093573834
2.571051231919907
-0.007192896587145281
5.952740389571384
1.6468286067684108
0.820863605679944
-0.10214972961624429
-0.22101688549581266
0.4698937900079494
0.3878345891586878
-0.04888029069296451
1.3683980869746941
0.5918526910973407
2.1202944604069915
1.2236955568848167
-0.2414974286996252
-0.21338387932839353
0.5708289996741924
-0.6829816921626564
2.9962440645154333
2.7398911261883687
-0.4821427780435344
0.22277671525289244
1.1969822302761735
2.7301389559663827
-0.5912832494711386
2.9822690245213375
0.9465132959993858
-0.08796467889524029
4.10361589153184
1.6938482942698483
0.2206636613201124
-0.05200259615786973
3.3228022211088026
6.3967699804421345
3.3379118246954995
2.125969350869525
3.3110617131188818
3.9311874976473145
0.4618545366131115
-0.1185184236462431
6.3113466466291435
-0.17869685026773385
0.025875154582689644
0.704607675735748
1.7759509326185579
-0.25457240788324564
0.9302858966309968
2.7036662809919245
-0.4929282392064428
0.6944635868835151
4.496272622709881
-0.6318442452360742
1.0231720217933822
-0.43164049873967425
-0.2138802187735518
1.4624066711443122
-0.5784457295258372
1.1563242065080135
2.1343294148864347
0.0564342525976711
-0.2142306771008473
0.7464365004201252
1.3680116730166305
0.3925739187155298
2.8895487065751326
0.3478055186610112
3.1185819555614893
1.4460065237677768
0.7601560362533772
1.5198613825322491
2.3755309779974394
-0.3161093970092791
0.2135853237370402
3.217805356473959
0.4464124138165073
0.6344875297877762
1.2824050094253021
2.903267546672089
2.1111799815789625
1.0662433045033177
1.079841784781626
-0.21589465003414743
0.46119463638424907
1.8893597925138528
3.0593189561545633
0.5171416427986197
1.1506307770565412
5.883846961235556
0.9960102944908535
2.426492843347071
2.2479324868682298
3.2797544810176826
1.822918179680321
-0.228771840020026
1.3772464133410594
0.9900442365447703
-0.3726192830716635
-0.548001891565537
2.9459960428056062
0.4895751869952183
5.413198186794616
0.6263728863879445
0.5436966667025578
1.13413033938552
4.121874667472472
-0.1628128922627089
1.849775453984445
3.8256903013851913
0.24486259733153948
1.4662134962247313
1.1262477318384183
1.598367490816325
1.9262074868150547
1.0023425507879158
1.3367208746456987
0.647315171624339
0.6431641288952656
1.4166284575119852
2.607695572661834
1.8033092422108288
0.27807940715781765
-0.4392032853115555
4.249493365523982
-0.29043854726061213
2.9557316819359487
4.219689432096887
1.4688940035362337
0.19982680404655673
1.3191249650582657
1.4142999573121426
-0.6599119432088318
-0.2799818459273355
1.174207072178557
0.032008259168441355
0.052676178701194565
5.1296353513200605
2.419746122471211
0.715197137645175
-1.5082568669386793
0.31238028551730773
0.953624158211129
4.917609155897425
1.960338166106147
0.16388066378942892
3.643221244721743
1.134118885135248
0.6591804437536923
1.8027571361611534
0.2940322560852504
1.556818723548337
2.1129305802845724
1.8819202364009735
2.893566803755628
-0.9999575742168203
1.0852812872763833
-0.13296299712719017
-0.688248396567416
1.681866007353606
1.407285195837448
1.026516211497006
0.18481324394881865
2.748040704305045
1.126646559847189
6.438395904019466
3.5620746222740745
1.2492883314872687
1.8083288105497894
2.4778168517789902
1.690743629608741
1.892418827116407
1.258871547780785
1.7963007609600163
-0.30532749487407085
-0.2575534744145911
8.460867665762233
5.943259004709033
0.324542661115907
3.289495361474011
2.117928504575253
1.0340616644588883
1.4163858892403285
2.7011633669597255
0.6710008250498682
2.031234201119304
2.400603361344783
-0.20288430404062852
-0.688215244474071
2.061739731566857
3.0024769507631794
2.0639063557436645
-0.8253945688944195
0.03250756814429695
0.5099789025500236
0.3967156395091791
0.7607033221005546
1.0061876186600527
2.1621913469509493
4.7005300952021924
1.7026472443350262
2.4627445708901683
1.0667259876547508
0.22759124983479484
1.5829455577902247
1.9239760301588031
2.921932419045511
2.9150354255612974
6.35543222854094
-0.9753955324078437
1.1280205515555735
0.4022953704706794
0.4836845619188045
2.2649383860687937
2.037318232710221
-0.703496297943391
-0.001839043745991864
2.771680288965278
0.8764808341149081
0.7530146308176151
-0.40149115039795125
0.4945913692547248
1.4133951835017053
8.523395712187755
0.45232190919322607
2.557273699544773
0.8424159520444812
5.118262501520843
1.6043433484494425
2.4084952678271216
1.819013296525261
2.183683042701219
2.2904268023912766
0.9388317056756256
0.19042883612304123
0.378814565894376
1.7667646718497299
0.29336186599851355
1.33374827499636
0.9645022802036604
0.015436907973897185
-0.35402764748385424
2.5856772364459086
2.1839383324745363
2.2402656259403932
0.44334251300839767
1.4764115094363088
1.5729821333826985
2.1709045863076883
1.4684568842279653
0.9002580429895433
-0.9438254263061991
1.2122953628241955
0.47879314120813166
4.844521794709502
1.1551030575138497
1.2687573114557837
-0.3635755710133673
2.2835536106895535
4.907184586497637
1.0194325754288653
0.014355921306008379
1.5782336694752495
4.0421300741228645
4.708655935082175
1.4897597328408476
-0.018687125543037086
1.201043296579004
3.8204727605890647
2.8363933265225616
-0.2544763218076964
0.37160238736983175
1.6643235921996975
3.210017717629782
-1.1923594944196203
-1.0995581897724138
3.214558210745622
1.0266913653035035
2.3542334523344555
0.9133146176723186
0.5223188065246602
0.43084702877545855
0.011812880922266344
3.2014105452745873
0.9750539033393646
3.738002000828201
0.1079492980213887
0.8406611089218823
1.2182913940248645
0.0027416587542607417
0.4629761950444185
5.189005991074725
3.220371681840761
0.9241891647142106
0.7995068071400571
0.6714693525858978
1.044493472503126
5.2120775799714325
3.3166265575605083
0.2714982778142704
1.4499997589653122
1.4238576888030299
-0.39597554900666393
-0.1514369389775131
-0.20713837743413022
4.642338639446376
0.8133715358244684
2.0279506889342906
1.9216718021891765
2.8585993154822296
1.588264953631453
3.003179428156945
0.18628351400455556
-0.3076490120237192
0.5068545975634697
-0.18411223774414698
3.6405470828941056
1.6585965672425884
0.8025461638359094
0.47121730723221966
2.0024776245043623
0.9469924379236239
0.6377263261615258
3.225159611920975
3.3644560319718857
9.15581172526592
-0.12416727513990433
0.5455117149525212
2.2156836129404223
-0.01112018940709572
2.4928585774294123
0.6520318187498134
4.723037750200881
0.5708073737979811
2.508616156155243
0.3121876534549112
0.6801175174138332
2.6278483805093367
1.4377523096764526
0.6149544909726029
0.7415725641812272
0.3719443723300806
2.4483135746451996
0.33966245297292436
0.5211957648893977
1.06201847056647
2.7359415327484307
-0.10031856982510307
0.7358376533072108
0.37683316557726676
1.8628434543452514
-0.16558788337025937
2.2556281674190632
3.173506369280123
1.2502878615480677
3.300839488828313
1.2736341855377487
1.219491067102797
3.37949075171554
0.12200271382344019
1.229473994896018
0.7744662361993616
-0.47481551853499726
2.705622498942021
1.8636951591602267
5.376277683483949
0.5312609634197479
1.768064072574707
1.0849861959264127
1.0523408343859386
-0.6651020914161843
0.6376836792452292
1.0913322118580777
1.955031527428647
0.45871503298749516
2.9184767534186298
4.761355814750523
0.37781876831010097
0.9481237869863911
0.044808972660613566
1.1671621479433871
1.1689207790683418
0.12094223527732262
0.22945382179311868
0.031256731787930425
0.3299929718438589
2.2788048813695307
0.9544496654065866
0.11139306305816077
2.2799129399173284
0.599148724784905
0.30880242983046025
1.4978895970598194
1.2757416253612808
0.5210862185281153
0.5210222019791451
5.0193561871692305
0.5172318292398712
-0.6425422768128108
-1.3499873835947631
2.017800367011487
0.578809580269326
1.6368345945898586
1.4380809691705032
1.9939462146517306
0.7833741911054324
0.6979783844452024
0.4934983143043275
-1.258861690449176
2.22873044096839
0.9307878050904186
-0.11973590014710661
1.2926508689217289
1.5185765718501631
-0.27166099635336144
-0.16442777614622495
0.6956691941462101
1.5767050426249518
-0.347523157143783
3.923241470409594
1.077154937416348
3.3558526680723806
1.5066894314216879
2.361360627228653
0.2458008626836406
0.05999387594906823
-0.7377621089577958
-1.6328888534927488
0.8145019503063966
1.9605141354849402
1.2411551906056935
1.3740928258240368
0.3894538966388859
0.5355920868775734
-0.06856831806323188
1.8077829770472118
-0.3554108363157091
1.094895584209078
0.8953389232999819
0.45957486359080046
3.3713317529464564
1.215092598876878
-0.3350335349235075
6.868854068971347
1.2929396626173577
2.996206508310191
0.43878941143411593
0.8905301105529022
5.67146004724352
2.826488511435242
1.1819940152263813
7.004940410525557
0.8759098342690265
0.022808229263713856
-0.7184515005384406
2.5880147057852514
1.4996744821021404
2.4768342431231125
3.5614276137953875
0.445046967542968
0.15251701038668963
8.13776512363968
9.050946472482444
0.25893875024628366
4.246378743238005
0.22675571047504683
2.419253301824951
0.4820240899472393
-1.0065467717663765
2.0554448239592107
4.590946416566152
1.8546159762735799
0.36080257029103635
0.6810068432788055
-0.10118094853660486
0.47034305161603895
2.2262999572851143
